;
; BonDriver_PX4 チャンネル定義ファイル (ISDB-S) (日本における衛星波デジタル放送用)
; (BonDriver_PT3-STのChSet.txtと互換性あり)
;
; チャンネル空間定義 ($チャンネル空間名<TAB>チャンネル空間ID)
$BS	2
$CS110	3
;
; チャンネル定義 (チャンネル名<TAB>チャンネル空間ID<TAB>チャンネルID<TAB>PTX内部チャンネルID<TAB>TSID(ISDB-S用))
; [BS]
BS01/TS0	2	0	0	16400
BS01/TS1	2	1	0	16401
BS01/TS2	2	2	0	16402
BS03/TS0	2	3	1	16432
BS03/TS1	2	4	1	16433
BS05/TS0	2	5	2	17488
BS05/TS1	2	6	2	17489
BS09/TS0	2	7	4	16528
BS09/TS1	2	8	4	16529
BS09/TS2	2	9	4	16530
BS11/TS1	2	10	5	18097
BS11/TS2	2	11	5	18098
BS11/TS3	2	12	5	18099
BS13/TS0	2	13	6	16592
BS13/TS1	2	14	6	16593
BS13/TS2	2	15	6	18130
BS15/TS0	2	16	7	16625
BS15/TS1	2	17	7	16626
BS19/TS0	2	18	9	18224
BS19/TS1	2	19	9	18225
BS19/TS2	2	20	9	18226
BS19/TS3	2	21	9	18227
BS21/TS0	2	22	10	18256
BS21/TS1	2	23	10	18257
BS21/TS2	2	24	10	18258
BS23/TS0	2	25	11	18288
; [CS]
ND02	3	0	12	24608
ND04	3	1	13	28736
ND06	3	2	14	28768
ND08	3	3	15	24704
ND10	3	4	16	24736
ND12	3	5	17	28864
ND14	3	6	18	28896
ND16	3	7	19	28928
ND18	3	8	20	28960
ND20	3	9	21	28992
ND22	3	10	22	29024
ND24	3	11	23	29056
